chr	start	end	cluster
chr1	826085	826369	1
chr1	916490	916564	1
chr1	929733	929802	2
chr1	1082997	1083077	2
chr1	1222045	1222111	3
chr1	1391091	1391131	3
chr1	1403791	1403848	4
chr1	1857813	1857885	4
chr1	1905250	1905308	5
chr1	2271218	2271302	5
chr1	2288136	2288186	6
chr1	3392960	3393033	6
chr1	3450109	3450299	7
chr1	3602817	3602867	7
chr1	3643953	3644081	8
chr1	3679696	3679766	8
chr1	6156664	6156714	9
chr1	6171792	6172011	9
chr1	6516733	6516832	10
chr1	10703056	10703136	10
chr1	10933388	10933511	11
chr1	11561604	11561883	11
chr1	12251444	12251504	12
chr1	16357651	16357733	12
chr1	16372405	16372465	13
chr1	17032605	17032906	13
chr1	17032966	17033091	14
chr1	17045092	17045389	14
chr1	17045396	17045842	15
chr1	17046462	17046512	15
chr1	17046632	17046736	16
chr1	17047095	17047224	16
chr1	17548053	17548122	17
chr1	20005447	20005503	17
chr1	21762550	21762691	18
chr1	22332774	22332885	18
chr1	31249510	31249613	19
chr1	31249700	31249753	19
chr1	31653320	31653470	20
chr1	31658631	31658772	20
chr1	38087856	38088092	21
chr1	38697759	38697948	21
chr1	53544459	53544522	22
chr1	53949111	53949231	22
chr1	64717666	64717989	23
chr1	94467693	94467834	23
chr1	109812366	109812437	24
chr1	109812706	109812772	24
chr1	110300368	110300506	25
chr1	110622483	110622533	25
chr1	110637690	110637857	26
chr1	156808408	156808448	26
chr1	156851072	156851124	27
chr1	156858313	156858406	27
chr1	160340227	160340292	28
chr1	160340747	160340812	28
chr1	180221094	180221158	29
chr1	201981041	201981556	29
chr1	201981592	201982363	30
chr1	202632990	202633140	30
chr1	202657663	202657779	31
chr1	202677662	202677728	31
chr1	203542995	203543127	32
chr1	204103290	204103365	32
chr1	205238373	205238418	33
chr1	206210773	206210926	33
chr1	206794531	206794697	34
chr1	223567681	223567790	34
chr1	223816269	223816431	35
chr1	223816437	223816506	35
chr1	223816572	223816759	36
chr1	225619062	225619115	36
chr1	228219912	228219972	37
chr1	228251157	228251258	37
chr2	3695827	3695989	38
chr2	10358402	10358452	38
chr2	11709850	11710051	39
chr2	20046200	20046344	39
chr2	20335116	20335166	40
chr2	23579900	23579960	40
chr2	26539611	26540243	41
chr2	26696362	26696438	41
chr2	27322328	27322406	42
chr2	27322438	27322579	42
chr2	27480299	27480562	43
chr2	27480695	27480745	43
chr2	27480994	27481081	44
chr2	29470230	29470274	44
chr2	71186694	71186744	45
chr2	71186767	71186817	45
chr2	73138499	73138697	46
chr2	85532677	85532757	46
chr2	85533061	85533140	47
chr2	85533273	85533327	47
chr2	91760334	91761299	48
chr2	96004744	96004877	48
chr2	98346722	98346822	49
chr2	109547704	109547744	49
chr2	109912086	109912136	50
chr2	121117211	121117309	50
chr2	121190236	121190307	51
chr2	121195656	121195710	51
chr2	121271491	121271660	52
chr2	128177826	128178030	52
chr2	128385544	128385667	53
chr2	176989368	176989444	53
chr2	219290765	219290812	54
chr2	219895863	219895945	54
chr2	219915972	219916026	55
chr2	220156729	220156816	55
chr2	220157004	220157069	56
chr2	220157188	220157257	56
chr2	220291472	220291685	57
chr2	220291739	220291810	57
chr2	220345696	220345746	58
chr2	220401397	220401467	58
chr2	220401472	220401565	59
chr2	234738523	234738692	59
chr2	237085836	237085899	60
chr2	238474877	238474917	60
chr2	238705100	238705198	61
chr2	239034055	239034125	61
chr2	239039348	239039403	62
chr2	239070218	239070288	62
chr2	239070372	239070413	63
chr2	239070571	239070630	63
chr2	239222051	239222201	64
chr2	239222364	239222414	64
chr2	239655869	239655909	65
chr2	239913099	239913331	65
chr2	239913388	239913493	66
chr2	239918679	239918812	66
chr2	239949673	239949893	67
chr2	241083961	241084025	67
chr2	241333474	241333748	68
chr2	241576126	241576196	68
chr2	241654851	241654932	69
chr2	241654969	241655019	69
chr2	241655116	241655310	70
chr2	241690532	241690623	70
chr2	241696695	241696991	71
chr2	241818089	241818170	71
chr2	241818184	241818224	72
chr2	241858791	241858861	72
chr2	241858948	241859004	73
chr2	241859194	241859254	73
chr2	241865304	241865378	74
chr2	241871385	241871564	74
chr2	242129139	242129179	75
chr2	242472288	242472634	75
chr2	242479229	242479300	76
chr2	242479324	242479398	76
chr2	242986301	242986456	77
chr3	11768822	11768937	77
chr3	13146258	13146316	78
chr3	49179517	49179567	78
chr3	49928906	49928980	79
chr3	49929060	49929100	79
chr3	50165969	50166019	80
chr3	50167982	50168132	80
chr3	50220558	50220608	81
chr3	50416845	50416909	81
chr3	50422070	50422183	82
chr3	50596519	50596569	82
chr3	52337927	52338107	83
chr3	52427624	52427674	83
chr3	52545362	52545513	84
chr3	126872043	126872093	84
chr3	128175264	128175333	85
chr3	128175510	128175572	85
chr3	128299103	128299198	86
chr3	129250782	129250840	86
chr3	129251178	129251218	87
chr3	133673671	133673880	87
chr3	184208761	184209186	88
chr3	185561901	185561975	88
chr3	194726117	194726270	89
chr3	195473937	195474039	89
chr3	195474129	195474522	90
chr3	196752998	196753251	90
chr4	622152	622202	91
chr4	823363	823450	91
chr4	994519	994573	92
chr4	1538666	1538726	92
chr4	1544690	1544805	93
chr4	1610362	1610418	93
chr4	1636151	1636210	94
chr4	1638695	1638735	94
chr4	1802663	1802887	95
chr4	1804994	1805075	95
chr4	2035655	2035775	96
chr4	2427999	2428049	96
chr4	2454071	2454164	97
chr4	3285749	3286010	97
chr4	3376298	3376338	98
chr4	3449936	3450027	98
chr4	3574292	3574373	99
chr4	3574391	3574475	99
chr4	3574488	3574585	100
chr4	4363707	4363899	100
chr4	4921777	4921930	101
chr4	7994529	7994613	101
chr4	8123886	8124095	102
chr4	8913338	8913788	102
chr4	20636693	20636777	103
chr4	53411446	53411512	103
chr5	488770	488865	104
chr5	841719	842107	104
chr5	842136	842287	105
chr5	1619914	1619968	105
chr5	1636775	1636839	106
chr5	10649769	10649844	106
chr5	32320617	32320681	107
chr5	32320857	32320911	107
chr5	114501590	114501786	108
chr5	137994444	137994520	108
chr5	139217386	139217620	109
chr5	139527219	139527362	109
chr5	149455436	149455580	110
chr5	149549490	149549549	110
chr5	149651626	149651721	111
chr5	157117499	157117680	111
chr5	176000722	176000772	112
chr5	176140806	176140885	112
chr5	176140926	176141009	113
chr5	176141205	176141346	113
chr5	177424412	177424527	114
chr5	178795497	178795580	114
chr5	178795714	178795841	115
chr6	2510140	2510280	115
chr6	2510336	2510399	116
chr6	3487543	3487593	116
chr6	14628573	14628673	117
chr6	32374061	32374196	117
chr6	33904751	33904864	118
chr6	34011211	34011452	118
chr6	34037849	34037919	119
chr6	34037970	34038075	119
chr6	34038253	34038390	120
chr6	34054046	34054106	120
chr6	34058582	34058631	121
chr6	34129976	34130068	121
chr6	34145157	34145203	122
chr6	35522710	35522750	122
chr6	35522829	35522904	123
chr6	36682642	36682683	123
chr6	37721953	37722156	124
chr6	42136518	42136630	124
chr6	42136668	42136718	125
chr6	43225157	43225397	125
chr6	134391601	134391669	126
chr6	138316617	138316799	126
chr6	149749269	149749319	127
chr6	150256741	150256899	127
chr6	150256991	150257112	128
chr6	150339875	150339950	128
chr6	158397584	158397810	129
chr6	158397904	158398027	129
chr7	172214	172254	130
chr7	172380	172469	130
chr7	181512	181646	131
chr7	182908	182958	131
chr7	974953	975161	132
chr7	1025259	1025317	132
chr7	1025340	1025522	133
chr7	1299148	1299224	133
chr7	1299242	1299292	134
chr7	1397825	1397956	134
chr7	1398002	1398073	135
chr7	1398112	1398278	135
chr7	1405745	1405874	136
chr7	1411078	1411191	136
chr7	1416823	1417092	137
chr7	1438763	1438813	137
chr7	1438969	1439025	138
chr7	1454244	1454313	138
chr7	1473117	1473184	139
chr7	1587662	1589061	139
chr7	1641819	1641971	140
chr7	1670952	1671029	140
chr7	1671264	1671314	141
chr7	1671461	1671566	141
chr7	1681083	1681153	142
chr7	1681294	1681395	142
chr7	1694326	1694598	143
chr7	1799003	1799105	143
chr7	1853960	1854030	144
chr7	2488120	2488216	144
chr7	2488304	2488435	145
chr7	2520713	2520767	145
chr7	2520945	2521102	146
chr7	5113149	5113219	146
chr7	5113226	5113280	147
chr7	5113363	5113638	147
chr7	5222746	5223164	148
chr7	5625293	5625466	148
chr7	31005133	31005206	149
chr7	31009923	31009979	149
chr7	31016934	31016974	150
chr7	44229254	44229335	150
chr7	44258981	44259073	151
chr7	44259343	44259552	151
chr7	44260139	44260224	152
chr7	44267915	44268013	152
chr7	44268174	44268232	153
chr7	44277305	44277490	153
chr7	44283062	44283112	154
chr7	44284502	44284584	154
chr7	44284687	44284776	155
chr7	44288119	44288213	155
chr7	44288278	44288468	156
chr7	44288503	44288639	156
chr7	44290810	44290891	157
chr7	44290948	44291002	157
chr7	44291063	44291120	158
chr7	44291133	44291198	158
chr7	44367160	44367214	159
chr7	44367491	44367596	159
chr7	44375125	44375166	160
chr7	45005119	45005216	160
chr7	45005332	45005440	161
chr7	45005573	45005677	161
chr7	45005781	45005858	162
chr7	45007942	45008027	162
chr7	45172661	45172825	163
chr7	45173369	45173429	163
chr7	45173458	45173518	164
chr7	45189273	45189424	164
chr7	45697865	45697973	165
chr7	45755170	45755230	165
chr7	55301886	55301933	166
chr7	55411236	55411296	166
chr7	72791853	72791909	167
chr7	73007355	73007874	167
chr7	73280156	73280536	168
chr7	73399265	73399354	168
chr7	73399569	73399619	169
chr7	73423796	73423986	169
chr7	73462367	73462466	170
chr7	73462516	73462675	170
chr7	73462855	73462969	171
chr7	73468918	73469207	171
chr7	73471228	73471315	172
chr7	73482998	73483267	172
chr7	75833763	75833813	173
chr7	75894276	75894391	173
chr7	75894406	75894448	174
chr7	75894449	75894523	174
chr7	75894613	75894752	175
chr7	75894754	75894897	175
chr7	75997990	75998097	176
chr7	75998150	75998200	176
chr7	76029391	76029604	177
chr7	98399183	98399327	177
chr7	98900587	98900649	178
chr7	98900702	98900752	178
chr7	100228251	100228311	179
chr7	100228352	100228402	179
chr7	100228537	100228740	180
chr7	100229277	100229331	180
chr7	100242847	100242897	181
chr7	100364274	100364381	181
chr7	100365327	100365575	182
chr7	100365580	100365689	182
chr7	100366504	100366569	183
chr7	100706062	100706102	183
chr7	100818562	100818647	184
chr7	100820367	100820407	184
chr7	100820494	100820557	185
chr7	101093437	101093488	185
chr7	101154611	101154661	186
chr7	101164981	101165021	186
chr7	101188818	101188919	187
chr7	101196863	101196947	187
chr7	101331026	101331153	188
chr7	101342497	101342561	188
chr7	101911453	101911619	189
chr7	101914453	101914586	189
chr7	101914872	101914922	190
chr7	101915039	101915089	190
chr7	101925484	101925950	191
chr7	127249533	127249573	191
chr7	127253600	127253738	192
chr7	128016710	128016764	192
chr7	128060013	128060057	193
chr7	128060116	128060186	193
chr7	128524805	128524998	194
chr7	129223992	129224062	194
chr7	129434914	129435017	195
chr7	131190417	131190600	195
chr7	131190623	131190673	196
chr7	131190744	131190826	196
chr7	131190965	131191029	197
chr7	131373566	131373646	197
chr7	131373718	131373768	198
chr7	131373819	131373899	198
chr7	131373996	131374193	199
chr7	134237959	134238009	199
chr7	134986221	134986392	200
chr7	139184006	139184070	200
chr7	139184126	139184190	201
chr7	139184325	139184379	201
chr7	149486081	149486281	202
chr7	149508741	149508808	202
chr7	149508821	149508909	203
chr7	150746475	150746525	203
chr7	150746536	150746593	204
chr7	150890400	150890565	204
chr7	154706942	154707011	205
chr7	155064984	155065076	205
chr7	155588801	155588871	206
chr7	157220602	157220652	206
chr7	157220775	157220835	207
chr8	21939582	21939672	207
chr8	22535769	22535850	208
chr8	22975351	22975441	208
chr8	27919654	27919704	209
chr8	30130351	30130486	209
chr8	41556916	41556966	210
chr8	41722875	41722935	210
chr8	41723020	41723070	211
chr8	41723174	41723224	211
chr8	41732916	41733081	212
chr8	41924313	41924447	212
chr8	41924503	41924577	213
chr8	41965453	41965517	213
chr8	41977998	41978080	214
chr8	42238985	42239099	214
chr8	56933724	56933784	215
chr8	57350242	57350394	215
chr8	70978427	70978499	216
chr8	70978520	70978600	216
chr8	71606798	71606878	217
chr8	95069670	95069730	217
chr8	98406079	98406157	218
chr8	99440833	99440883	218
chr8	101855220	101855285	219
chr8	123727987	123728041	219
chr8	126416508	126416641	220
chr8	142072155	142072248	220
chr8	142072258	142072308	221
chr8	142077567	142077623	221
chr8	142373754	142373856	222
chr8	142374588	142374664	222
chr8	142503526	142503576	223
chr8	142729982	142730081	223
chr8	143587340	143587394	224
chr8	143668414	143668454	224
chr8	143668505	143668555	225
chr8	143668591	143668674	225
chr8	143864481	143864531	226
chr8	144259193	144259243	226
chr8	144259482	144259553	227
chr8	144445846	144445896	227
chr8	144446027	144446117	228
chr8	144446193	144446243	228
chr8	144446356	144446433	229
chr8	144462904	144462978	229
chr8	144463075	144463178	230
chr8	144463459	144463980	230
chr8	144464073	144464178	231
chr8	144464179	144464364	231
chr8	144470763	144470825	232
chr8	144788701	144788761	232
chr8	144788875	144788957	233
chr8	144793201	144793309	233
chr8	144856598	144856692	234
chr8	144856797	144856861	234
chr8	144942644	144942694	235
chr8	144942774	144942824	235
chr8	144963963	144964065	236
chr8	145167918	145168020	236
chr8	145168348	145168478	237
chr8	145168488	145168544	237
chr8	145168558	145168608	238
chr8	145168722	145168790	238
chr8	145170579	145170629	239
chr8	145171749	145171799	239
chr8	145171887	145171938	240
chr8	145171968	145172071	240
chr9	34535565	34535695	241
chr9	34564662	34564712	241
chr9	34564816	34564934	242
chr9	34564968	34565091	242
chr9	34565251	34565325	243
chr9	36170502	36170563	243
chr9	38342176	38342344	244
chr9	38342386	38342482	244
chr9	38377715	38377792	245
chr9	70939101	70939141	245
chr9	91178204	91178344	246
chr9	94531768	94531842	246
chr9	94951012	94951074	247
chr9	94951103	94951189	247
chr9	95841964	95842014	248
chr9	95842112	95842210	248
chr9	96445573	96445623	249
chr9	96581395	96581445	249
chr9	115851199	115851329	250
chr9	116258579	116258629	250
